%%%%%%%%%%%%% CCCCCCCCCCCCCCCCCCCCCCC
A1=[
0 40000 80000 80000 80000 80000 80000 80000 40000 0 80000 80000 80000 80000 80000 80000 80000 80000 80000 80000 80000 80000 80000 80000 80000 80000 80000 80000 80000 80000 80000 80000 80000 80000 80000 80000 80000 80000 80000 80000 80000 80000 80000 80000 80000 80000 80000 80000 80000 80000 80000 80000 80000 80000 80000 80000 80000 80000 80000 80000 80000 80000 80000 80000;
40000 0 80000 80000 80000 80000 80000 80000 0 40000 80000 80000 80000 80000 80000 80000 80000 80000 80000 80000 80000 80000 80000 80000 80000 80000 80000 80000 80000 80000 80000 80000 80000 80000 80000 80000 80000 80000 80000 80000 80000 80000 80000 80000 80000 80000 80000 80000 80000 80000 80000 80000 80000 80000 80000 80000 80000 80000 80000 80000 80000 80000 80000 80000;
80000 80000 0 40000 80000 80000 80000 80000 80000 80000 40000 0 80000 80000 80000 80000 80000 80000 80000 80000 80000 80000 80000 80000 80000 80000 80000 80000 80000 80000 80000 80000 80000 80000 80000 80000 80000 80000 80000 80000 80000 80000 80000 80000 80000 80000 80000 80000 80000 80000 80000 80000 80000 80000 80000 80000 80000 80000 80000 80000 80000 80000 80000 80000;
80000 80000 40000 0 80000 80000 80000 80000 80000 80000 0 40000 80000 80000 80000 80000 80000 80000 80000 80000 80000 80000 80000 80000 80000 80000 80000 80000 80000 80000 80000 80000 80000 80000 80000 80000 80000 80000 80000 80000 80000 80000 80000 80000 80000 80000 80000 80000 80000 80000 80000 80000 80000 80000 80000 80000 80000 80000 80000 80000 80000 80000 80000 80000;
80000 80000 80000 80000 0 40000 80000 80000 80000 80000 80000 80000 40000 0 80000 80000 80000 80000 80000 80000 80000 80000 80000 80000 80000 80000 80000 80000 80000 80000 80000 80000 80000 80000 80000 80000 80000 80000 80000 80000 80000 80000 80000 80000 80000 80000 80000 80000 80000 80000 80000 80000 80000 80000 80000 80000 80000 80000 80000 80000 80000 80000 80000 80000;
80000 80000 80000 80000 40000 0 80000 80000 80000 80000 80000 80000 0 40000 80000 80000 80000 80000 80000 80000 80000 80000 80000 80000 80000 80000 80000 80000 80000 80000 80000 80000 80000 80000 80000 80000 80000 80000 80000 80000 80000 80000 80000 80000 80000 80000 80000 80000 80000 80000 80000 80000 80000 80000 80000 80000 80000 80000 80000 80000 80000 80000 80000 80000;
80000 80000 80000 80000 80000 80000 0 40000 80000 80000 80000 80000 80000 80000 40000 0 80000 80000 80000 80000 80000 80000 80000 80000 80000 80000 80000 80000 80000 80000 80000 80000 80000 80000 80000 80000 80000 80000 80000 80000 80000 80000 80000 80000 80000 80000 80000 80000 80000 80000 80000 80000 80000 80000 80000 80000 80000 80000 80000 80000 80000 80000 80000 80000;
80000 80000 80000 80000 80000 80000 40000 0 80000 80000 80000 80000 80000 80000 0 40000 80000 80000 80000 80000 80000 80000 80000 80000 80000 80000 80000 80000 80000 80000 80000 80000 80000 80000 80000 80000 80000 80000 80000 80000 80000 80000 80000 80000 80000 80000 80000 80000 80000 80000 80000 80000 80000 80000 80000 80000 80000 80000 80000 80000 80000 80000 80000 80000;  
40000 0 80000 80000 80000 80000 80000 80000 0 40000 80000 80000 80000 80000 80000 80000 80000 80000 80000 80000 80000 80000 80000 80000 80000 80000 80000 80000 80000 80000 80000 80000 80000 80000 80000 80000 80000 80000 80000 80000 80000 80000 80000 80000 80000 80000 80000 80000 80000 80000 80000 80000 80000 80000 80000 80000 80000 80000 80000 80000 80000 80000 80000 80000;
0 40000 80000 80000 80000 80000 80000 80000 40000 0 80000 80000 80000 80000 80000 80000 80000 80000 80000 80000 80000 80000 80000 80000 80000 80000 80000 80000 80000 80000 80000 80000 80000 80000 80000 80000 80000 80000 80000 80000 80000 80000 80000 80000 80000 80000 80000 80000 80000 80000 80000 80000 80000 80000 80000 80000 80000 80000 80000 80000 80000 80000 80000 80000;
80000 80000 40000 0 80000 80000 80000 80000 80000 80000 0 40000 80000 80000 80000 80000 80000 80000 80000 80000 80000 80000 80000 80000 80000 80000 80000 80000 80000 80000 80000 80000 80000 80000 80000 80000 80000 80000 80000 80000 80000 80000 80000 80000 80000 80000 80000 80000 80000 80000 80000 80000 80000 80000 80000 80000 80000 80000 80000 80000 80000 80000 80000 80000;
80000 80000 0 40000 80000 80000 80000 80000 80000 80000 40000 0 80000 80000 80000 80000 80000 80000 80000 80000 80000 80000 80000 80000 80000 80000 80000 80000 80000 80000 80000 80000 80000 80000 80000 80000 80000 80000 80000 80000 80000 80000 80000 80000 80000 80000 80000 80000 80000 80000 80000 80000 80000 80000 80000 80000 80000 80000 80000 80000 80000 80000 80000 80000;
80000 80000 80000 80000 40000 0 80000 80000 80000 80000 80000 80000 0 40000 80000 80000 80000 80000 80000 80000 80000 80000 80000 80000 80000 80000 80000 80000 80000 80000 80000 80000 80000 80000 80000 80000 80000 80000 80000 80000 80000 80000 80000 80000 80000 80000 80000 80000 80000 80000 80000 80000 80000 80000 80000 80000 80000 80000 80000 80000 80000 80000 80000 80000;
80000 80000 80000 80000 0 40000 80000 80000 80000 80000 80000 80000 40000 0 80000 80000 80000 80000 80000 80000 80000 80000 80000 80000 80000 80000 80000 80000 80000 80000 80000 80000 80000 80000 80000 80000 80000 80000 80000 80000 80000 80000 80000 80000 80000 80000 80000 80000 80000 80000 80000 80000 80000 80000 80000 80000 80000 80000 80000 80000 80000 80000 80000 80000;
80000 80000 80000 80000 80000 80000 40000 0 80000 80000 80000 80000 80000 80000 0 40000 80000 80000 80000 80000 80000 80000 80000 80000 80000 80000 80000 80000 80000 80000 80000 80000 80000 80000 80000 80000 80000 80000 80000 80000 80000 80000 80000 80000 80000 80000 80000 80000 80000 80000 80000 80000 80000 80000 80000 80000 80000 80000 80000 80000 80000 80000 80000 80000;
80000 80000 80000 80000 80000 80000 0 40000 80000 80000 80000 80000 80000 80000 40000 0 80000 80000 80000 80000 80000 80000 80000 80000 80000 80000 80000 80000 80000 80000 80000 80000 80000 80000 80000 80000 80000 80000 80000 80000 80000 80000 80000 80000 80000 80000 80000 80000 80000 80000 80000 80000 80000 80000 80000 80000 80000 80000 80000 80000 80000 80000 80000 80000;  
80000 80000 80000 80000 80000 80000 80000 80000 80000 80000 80000 80000 80000 80000 80000 80000 0 40000 80000 80000 80000 80000 80000 80000 40000 0 80000 80000 80000 80000 80000 80000 80000 80000 80000 80000 80000 80000 80000 80000 80000 80000 80000 80000 80000 80000 80000 80000 80000 80000 80000 80000 80000 80000 80000 80000 80000 80000 80000 80000 80000 80000 80000 80000;
80000 80000 80000 80000 80000 80000 80000 80000 80000 80000 80000 80000 80000 80000 80000 80000 40000 0 80000 80000 80000 80000 80000 80000 0 40000 80000 80000 80000 80000 80000 80000 80000 80000 80000 80000 80000 80000 80000 80000 80000 80000 80000 80000 80000 80000 80000 80000 80000 80000 80000 80000 80000 80000 80000 80000 80000 80000 80000 80000 80000 80000 80000 80000;
80000 80000 80000 80000 80000 80000 80000 80000 80000 80000 80000 80000 80000 80000 80000 80000 80000 80000 0 40000 80000 80000 80000 80000 80000 80000 40000 0 80000 80000 80000 80000 80000 80000 80000 80000 80000 80000 80000 80000 80000 80000 80000 80000 80000 80000 80000 80000 80000 80000 80000 80000 80000 80000 80000 80000 80000 80000 80000 80000 80000 80000 80000 80000;
80000 80000 80000 80000 80000 80000 80000 80000 80000 80000 80000 80000 80000 80000 80000 80000 80000 80000 40000 0 80000 80000 80000 80000 80000 80000 0 40000 80000 80000 80000 80000 80000 80000 80000 80000 80000 80000 80000 80000 80000 80000 80000 80000 80000 80000 80000 80000 80000 80000 80000 80000 80000 80000 80000 80000 80000 80000 80000 80000 80000 80000 80000 80000;
80000 80000 80000 80000 80000 80000 80000 80000 80000 80000 80000 80000 80000 80000 80000 80000 80000 80000 80000 80000 0 40000 80000 80000 80000 80000 80000 80000 40000 0 80000 80000 80000 80000 80000 80000 80000 80000 80000 80000 80000 80000 80000 80000 80000 80000 80000 80000 80000 80000 80000 80000 80000 80000 80000 80000 80000 80000 80000 80000 80000 80000 80000 80000;
80000 80000 80000 80000 80000 80000 80000 80000 80000 80000 80000 80000 80000 80000 80000 80000 80000 80000 80000 80000 40000 0 80000 80000 80000 80000 80000 80000 0 40000 80000 80000 80000 80000 80000 80000 80000 80000 80000 80000 80000 80000 80000 80000 80000 80000 80000 80000 80000 80000 80000 80000 80000 80000 80000 80000 80000 80000 80000 80000 80000 80000 80000 80000;
80000 80000 80000 80000 80000 80000 80000 80000 80000 80000 80000 80000 80000 80000 80000 80000 80000 80000 80000 80000 80000 80000 0 40000 80000 80000 80000 80000 80000 80000 40000 0 80000 80000 80000 80000 80000 80000 80000 80000 80000 80000 80000 80000 80000 80000 80000 80000 80000 80000 80000 80000 80000 80000 80000 80000 80000 80000 80000 80000 80000 80000 80000 80000;
80000 80000 80000 80000 80000 80000 80000 80000 80000 80000 80000 80000 80000 80000 80000 80000 80000 80000 80000 80000 80000 80000 40000 0 80000 80000 80000 80000 80000 80000 0 40000 80000 80000 80000 80000 80000 80000 80000 80000 80000 80000 80000 80000 80000 80000 80000 80000 80000 80000 80000 80000 80000 80000 80000 80000 80000 80000 80000 80000 80000 80000 80000 80000;
80000 80000 80000 80000 80000 80000 80000 80000 80000 80000 80000 80000 80000 80000 80000 80000 40000 0 80000 80000 80000 80000 80000 80000 0 40000 80000 80000 80000 80000 80000 80000 80000 80000 80000 80000 80000 80000 80000 80000 80000 80000 80000 80000 80000 80000 80000 80000 80000 80000 80000 80000 80000 80000 80000 80000 80000 80000 80000 80000 80000 80000 80000 80000;
80000 80000 80000 80000 80000 80000 80000 80000 80000 80000 80000 80000 80000 80000 80000 80000 0 40000 80000 80000 80000 80000 80000 80000 40000 0 80000 80000 80000 80000 80000 80000 80000 80000 80000 80000 80000 80000 80000 80000 80000 80000 80000 80000 80000 80000 80000 80000 80000 80000 80000 80000 80000 80000 80000 80000 80000 80000 80000 80000 80000 80000 80000 80000;
80000 80000 80000 80000 80000 80000 80000 80000 80000 80000 80000 80000 80000 80000 80000 80000 80000 80000 40000 0 80000 80000 80000 80000 80000 80000 0 40000 80000 80000 80000 80000 80000 80000 80000 80000 80000 80000 80000 80000 80000 80000 80000 80000 80000 80000 80000 80000 80000 80000 80000 80000 80000 80000 80000 80000 80000 80000 80000 80000 80000 80000 80000 80000;
80000 80000 80000 80000 80000 80000 80000 80000 80000 80000 80000 80000 80000 80000 80000 80000 80000 80000 0 40000 80000 80000 80000 80000 80000 80000 40000 0 80000 80000 80000 80000 80000 80000 80000 80000 80000 80000 80000 80000 80000 80000 80000 80000 80000 80000 80000 80000 80000 80000 80000 80000 80000 80000 80000 80000 80000 80000 80000 80000 80000 80000 80000 80000;
80000 80000 80000 80000 80000 80000 80000 80000 80000 80000 80000 80000 80000 80000 80000 80000 80000 80000 80000 80000 40000 0 80000 80000 80000 80000 80000 80000 0 40000 80000 80000 80000 80000 80000 80000 80000 80000 80000 80000 80000 80000 80000 80000 80000 80000 80000 80000 80000 80000 80000 80000 80000 80000 80000 80000 80000 80000 80000 80000 80000 80000 80000 80000;
80000 80000 80000 80000 80000 80000 80000 80000 80000 80000 80000 80000 80000 80000 80000 80000 80000 80000 80000 80000 0 40000 80000 80000 80000 80000 80000 80000 40000 0 80000 80000 80000 80000 80000 80000 80000 80000 80000 80000 80000 80000 80000 80000 80000 80000 80000 80000 80000 80000 80000 80000 80000 80000 80000 80000 80000 80000 80000 80000 80000 80000 80000 80000;
80000 80000 80000 80000 80000 80000 80000 80000 80000 80000 80000 80000 80000 80000 80000 80000 80000 80000 80000 80000 80000 80000 40000 0 80000 80000 80000 80000 80000 80000 0 40000 80000 80000 80000 80000 80000 80000 80000 80000 80000 80000 80000 80000 80000 80000 80000 80000 80000 80000 80000 80000 80000 80000 80000 80000 80000 80000 80000 80000 80000 80000 80000 80000;
80000 80000 80000 80000 80000 80000 80000 80000 80000 80000 80000 80000 80000 80000 80000 80000 80000 80000 80000 80000 80000 80000 0 40000 80000 80000 80000 80000 80000 80000 40000 0 80000 80000 80000 80000 80000 80000 80000 80000 80000 80000 80000 80000 80000 80000 80000 80000 80000 80000 80000 80000 80000 80000 80000 80000 80000 80000 80000 80000 80000 80000 80000 80000;  
80000 80000 80000 80000 80000 80000 80000 80000 80000 80000 80000 80000 80000 80000 80000 80000 80000 80000 80000 80000 80000 80000 80000 80000 80000 80000 80000 80000 80000 80000 80000 80000 0 40000 80000 80000 80000 80000 80000 80000 40000 0 80000 80000 80000 80000 80000 80000 80000 80000 80000 80000 80000 80000 80000 80000 80000 80000 80000 80000 80000 80000 80000 80000;
80000 80000 80000 80000 80000 80000 80000 80000 80000 80000 80000 80000 80000 80000 80000 80000 80000 80000 80000 80000 80000 80000 80000 80000 80000 80000 80000 80000 80000 80000 80000 80000 40000 0 80000 80000 80000 80000 80000 80000 0 40000 80000 80000 80000 80000 80000 80000 80000 80000 80000 80000 80000 80000 80000 80000 80000 80000 80000 80000 80000 80000 80000 80000;
80000 80000 80000 80000 80000 80000 80000 80000 80000 80000 80000 80000 80000 80000 80000 80000 80000 80000 80000 80000 80000 80000 80000 80000 80000 80000 80000 80000 80000 80000 80000 80000 80000 80000 0 40000 80000 80000 80000 80000 80000 80000 40000 0 80000 80000 80000 80000 80000 80000 80000 80000 80000 80000 80000 80000 80000 80000 80000 80000 80000 80000 80000 80000;
80000 80000 80000 80000 80000 80000 80000 80000 80000 80000 80000 80000 80000 80000 80000 80000 80000 80000 80000 80000 80000 80000 80000 80000 80000 80000 80000 80000 80000 80000 80000 80000 80000 80000 40000 0 80000 80000 80000 80000 80000 80000 0 40000 80000 80000 80000 80000 80000 80000 80000 80000 80000 80000 80000 80000 80000 80000 80000 80000 80000 80000 80000 80000;
80000 80000 80000 80000 80000 80000 80000 80000 80000 80000 80000 80000 80000 80000 80000 80000 80000 80000 80000 80000 80000 80000 80000 80000 80000 80000 80000 80000 80000 80000 80000 80000 80000 80000 80000 80000 0 40000 80000 80000 80000 80000 80000 80000 40000 0 80000 80000 80000 80000 80000 80000 80000 80000 80000 80000 80000 80000 80000 80000 80000 80000 80000 80000;
80000 80000 80000 80000 80000 80000 80000 80000 80000 80000 80000 80000 80000 80000 80000 80000 80000 80000 80000 80000 80000 80000 80000 80000 80000 80000 80000 80000 80000 80000 80000 80000 80000 80000 80000 80000 40000 0 80000 80000 80000 80000 80000 80000 0 40000 80000 80000 80000 80000 80000 80000 80000 80000 80000 80000 80000 80000 80000 80000 80000 80000 80000 80000;
80000 80000 80000 80000 80000 80000 80000 80000 80000 80000 80000 80000 80000 80000 80000 80000 80000 80000 80000 80000 80000 80000 80000 80000 80000 80000 80000 80000 80000 80000 80000 80000 80000 80000 80000 80000 80000 80000 0 40000 80000 80000 80000 80000 80000 80000 40000 0 80000 80000 80000 80000 80000 80000 80000 80000 80000 80000 80000 80000 80000 80000 80000 80000;
80000 80000 80000 80000 80000 80000 80000 80000 80000 80000 80000 80000 80000 80000 80000 80000 80000 80000 80000 80000 80000 80000 80000 80000 80000 80000 80000 80000 80000 80000 80000 80000 80000 80000 80000 80000 80000 80000 40000 0 80000 80000 80000 80000 80000 80000 0 40000 80000 80000 80000 80000 80000 80000 80000 80000 80000 80000 80000 80000 80000 80000 80000 80000;
80000 80000 80000 80000 80000 80000 80000 80000 80000 80000 80000 80000 80000 80000 80000 80000 80000 80000 80000 80000 80000 80000 80000 80000 80000 80000 80000 80000 80000 80000 80000 80000 40000 0 80000 80000 80000 80000 80000 80000 0 40000 80000 80000 80000 80000 80000 80000 80000 80000 80000 80000 80000 80000 80000 80000 80000 80000 80000 80000 80000 80000 80000 80000;
80000 80000 80000 80000 80000 80000 80000 80000 80000 80000 80000 80000 80000 80000 80000 80000 80000 80000 80000 80000 80000 80000 80000 80000 80000 80000 80000 80000 80000 80000 80000 80000 0 40000 80000 80000 80000 80000 80000 80000 40000 0 80000 80000 80000 80000 80000 80000 80000 80000 80000 80000 80000 80000 80000 80000 80000 80000 80000 80000 80000 80000 80000 80000;
80000 80000 80000 80000 80000 80000 80000 80000 80000 80000 80000 80000 80000 80000 80000 80000 80000 80000 80000 80000 80000 80000 80000 80000 80000 80000 80000 80000 80000 80000 80000 80000 80000 80000 40000 0 80000 80000 80000 80000 80000 80000 0 40000 80000 80000 80000 80000 80000 80000 80000 80000 80000 80000 80000 80000 80000 80000 80000 80000 80000 80000 80000 80000;
80000 80000 80000 80000 80000 80000 80000 80000 80000 80000 80000 80000 80000 80000 80000 80000 80000 80000 80000 80000 80000 80000 80000 80000 80000 80000 80000 80000 80000 80000 80000 80000 80000 80000 0 40000 80000 80000 80000 80000 80000 80000 40000 0 80000 80000 80000 80000 80000 80000 80000 80000 80000 80000 80000 80000 80000 80000 80000 80000 80000 80000 80000 80000;
80000 80000 80000 80000 80000 80000 80000 80000 80000 80000 80000 80000 80000 80000 80000 80000 80000 80000 80000 80000 80000 80000 80000 80000 80000 80000 80000 80000 80000 80000 80000 80000 80000 80000 80000 80000 40000 0 80000 80000 80000 80000 80000 80000 0 40000 80000 80000 80000 80000 80000 80000 80000 80000 80000 80000 80000 80000 80000 80000 80000 80000 80000 80000;
80000 80000 80000 80000 80000 80000 80000 80000 80000 80000 80000 80000 80000 80000 80000 80000 80000 80000 80000 80000 80000 80000 80000 80000 80000 80000 80000 80000 80000 80000 80000 80000 80000 80000 80000 80000 0 40000 80000 80000 80000 80000 80000 80000 40000 0 80000 80000 80000 80000 80000 80000 80000 80000 80000 80000 80000 80000 80000 80000 80000 80000 80000 80000;
80000 80000 80000 80000 80000 80000 80000 80000 80000 80000 80000 80000 80000 80000 80000 80000 80000 80000 80000 80000 80000 80000 80000 80000 80000 80000 80000 80000 80000 80000 80000 80000 80000 80000 80000 80000 80000 80000 40000 0 80000 80000 80000 80000 80000 80000 0 40000 80000 80000 80000 80000 80000 80000 80000 80000 80000 80000 80000 80000 80000 80000 80000 80000;
80000 80000 80000 80000 80000 80000 80000 80000 80000 80000 80000 80000 80000 80000 80000 80000 80000 80000 80000 80000 80000 80000 80000 80000 80000 80000 80000 80000 80000 80000 80000 80000 80000 80000 80000 80000 80000 80000 0 40000 80000 80000 80000 80000 80000 80000 40000 0 80000 80000 80000 80000 80000 80000 80000 80000 80000 80000 80000 80000 80000 80000 80000 80000;
80000 80000 80000 80000 80000 80000 80000 80000 80000 80000 80000 80000 80000 80000 80000 80000 80000 80000 80000 80000 80000 80000 80000 80000 80000 80000 80000 80000 80000 80000 80000 80000 80000 80000 80000 80000 80000 80000 80000 80000 80000 80000 80000 80000 80000 80000 80000 80000 0 40000 80000 80000 80000 80000 80000 80000 40000 0 80000 80000 80000 80000 80000 80000;
80000 80000 80000 80000 80000 80000 80000 80000 80000 80000 80000 80000 80000 80000 80000 80000 80000 80000 80000 80000 80000 80000 80000 80000 80000 80000 80000 80000 80000 80000 80000 80000 80000 80000 80000 80000 80000 80000 80000 80000 80000 80000 80000 80000 80000 80000 80000 80000 40000 0 80000 80000 80000 80000 80000 80000 0 40000 80000 80000 80000 80000 80000 80000;
80000 80000 80000 80000 80000 80000 80000 80000 80000 80000 80000 80000 80000 80000 80000 80000 80000 80000 80000 80000 80000 80000 80000 80000 80000 80000 80000 80000 80000 80000 80000 80000 80000 80000 80000 80000 80000 80000 80000 80000 80000 80000 80000 80000 80000 80000 80000 80000 80000 80000 0 40000 80000 80000 80000 80000 80000 80000 40000 0 80000 80000 80000 80000;
80000 80000 80000 80000 80000 80000 80000 80000 80000 80000 80000 80000 80000 80000 80000 80000 80000 80000 80000 80000 80000 80000 80000 80000 80000 80000 80000 80000 80000 80000 80000 80000 80000 80000 80000 80000 80000 80000 80000 80000 80000 80000 80000 80000 80000 80000 80000 80000 80000 80000 40000 0 80000 80000 80000 80000 80000 80000 0 40000 80000 80000 80000 80000;
80000 80000 80000 80000 80000 80000 80000 80000 80000 80000 80000 80000 80000 80000 80000 80000 80000 80000 80000 80000 80000 80000 80000 80000 80000 80000 80000 80000 80000 80000 80000 80000 80000 80000 80000 80000 80000 80000 80000 80000 80000 80000 80000 80000 80000 80000 80000 80000 80000 80000 80000 80000 0 40000 80000 80000 80000 80000 80000 80000 40000 0 80000 80000;
80000 80000 80000 80000 80000 80000 80000 80000 80000 80000 80000 80000 80000 80000 80000 80000 80000 80000 80000 80000 80000 80000 80000 80000 80000 80000 80000 80000 80000 80000 80000 80000 80000 80000 80000 80000 80000 80000 80000 80000 80000 80000 80000 80000 80000 80000 80000 80000 80000 80000 80000 80000 40000 0 80000 80000 80000 80000 80000 80000 0 40000 80000 80000;
80000 80000 80000 80000 80000 80000 80000 80000 80000 80000 80000 80000 80000 80000 80000 80000 80000 80000 80000 80000 80000 80000 80000 80000 80000 80000 80000 80000 80000 80000 80000 80000 80000 80000 80000 80000 80000 80000 80000 80000 80000 80000 80000 80000 80000 80000 80000 80000 80000 80000 80000 80000 80000 80000 0 40000 80000 80000 80000 80000 80000 80000 40000 0;
80000 80000 80000 80000 80000 80000 80000 80000 80000 80000 80000 80000 80000 80000 80000 80000 80000 80000 80000 80000 80000 80000 80000 80000 80000 80000 80000 80000 80000 80000 80000 80000 80000 80000 80000 80000 80000 80000 80000 80000 80000 80000 80000 80000 80000 80000 80000 80000 80000 80000 80000 80000 80000 80000 40000 0 80000 80000 80000 80000 80000 80000 0 40000;
80000 80000 80000 80000 80000 80000 80000 80000 80000 80000 80000 80000 80000 80000 80000 80000 80000 80000 80000 80000 80000 80000 80000 80000 80000 80000 80000 80000 80000 80000 80000 80000 80000 80000 80000 80000 80000 80000 80000 80000 80000 80000 80000 80000 80000 80000 80000 80000 40000 0 80000 80000 80000 80000 80000 80000 0 40000 80000 80000 80000 80000 80000 80000;
80000 80000 80000 80000 80000 80000 80000 80000 80000 80000 80000 80000 80000 80000 80000 80000 80000 80000 80000 80000 80000 80000 80000 80000 80000 80000 80000 80000 80000 80000 80000 80000 80000 80000 80000 80000 80000 80000 80000 80000 80000 80000 80000 80000 80000 80000 80000 80000 0 40000 80000 80000 80000 80000 80000 80000 40000 0 80000 80000 80000 80000 80000 80000;
80000 80000 80000 80000 80000 80000 80000 80000 80000 80000 80000 80000 80000 80000 80000 80000 80000 80000 80000 80000 80000 80000 80000 80000 80000 80000 80000 80000 80000 80000 80000 80000 80000 80000 80000 80000 80000 80000 80000 80000 80000 80000 80000 80000 80000 80000 80000 80000 80000 80000 40000 0 80000 80000 80000 80000 80000 80000 0 40000 80000 80000 80000 80000;
80000 80000 80000 80000 80000 80000 80000 80000 80000 80000 80000 80000 80000 80000 80000 80000 80000 80000 80000 80000 80000 80000 80000 80000 80000 80000 80000 80000 80000 80000 80000 80000 80000 80000 80000 80000 80000 80000 80000 80000 80000 80000 80000 80000 80000 80000 80000 80000 80000 80000 0 40000 80000 80000 80000 80000 80000 80000 40000 0 80000 80000 80000 80000;
80000 80000 80000 80000 80000 80000 80000 80000 80000 80000 80000 80000 80000 80000 80000 80000 80000 80000 80000 80000 80000 80000 80000 80000 80000 80000 80000 80000 80000 80000 80000 80000 80000 80000 80000 80000 80000 80000 80000 80000 80000 80000 80000 80000 80000 80000 80000 80000 80000 80000 80000 80000 40000 0 80000 80000 80000 80000 80000 80000 0 40000 80000 80000;
80000 80000 80000 80000 80000 80000 80000 80000 80000 80000 80000 80000 80000 80000 80000 80000 80000 80000 80000 80000 80000 80000 80000 80000 80000 80000 80000 80000 80000 80000 80000 80000 80000 80000 80000 80000 80000 80000 80000 80000 80000 80000 80000 80000 80000 80000 80000 80000 80000 80000 80000 80000 0 40000 80000 80000 80000 80000 80000 80000 40000 0 80000 80000;
80000 80000 80000 80000 80000 80000 80000 80000 80000 80000 80000 80000 80000 80000 80000 80000 80000 80000 80000 80000 80000 80000 80000 80000 80000 80000 80000 80000 80000 80000 80000 80000 80000 80000 80000 80000 80000 80000 80000 80000 80000 80000 80000 80000 80000 80000 80000 80000 80000 80000 80000 80000 80000 80000 40000 0 80000 80000 80000 80000 80000 80000 0 40000;
80000 80000 80000 80000 80000 80000 80000 80000 80000 80000 80000 80000 80000 80000 80000 80000 80000 80000 80000 80000 80000 80000 80000 80000 80000 80000 80000 80000 80000 80000 80000 80000 80000 80000 80000 80000 80000 80000 80000 80000 80000 80000 80000 80000 80000 80000 80000 80000 80000 80000 80000 80000 80000 80000 0 40000 80000 80000 80000 80000 80000 80000 40000 0;
];


%//////////////////// SHORTLINKS ONLY
%%%%%%%%%%%%%%%%%%%%%%%%%%%%%%%%%%%%%%%%%%%%%%%%%%%%%%%%%%%%%%%%%%%%%%%%%%%%%%%%%%%%%%%%%%%%%%%%%%%%%%%%%%%%%%%%%%%%%%%%%%%%%%%%%%%%%%%%%%%%%%%%%%%%

%%%%%%%%%%%%% CCCCCCCCCCCCCCC
A=[
0 1 0 0 0 0 0 0 1 0 0 0 0 0 0 0 0 0 0 0 0 0 0 0 0 0 0 0 0 0 0 0 0 0 0 0 0 0 0 0 0 0 0 0 0 0 0 0 0 0 0 0 0 0 0 0 0 0 0 0 0 0 0 0;
1 0 0 0 0 0 0 0 0 1 0 0 0 0 0 0 0 0 0 0 0 0 0 0 0 0 0 0 0 0 0 0 0 0 0 0 0 0 0 0 0 0 0 0 0 0 0 0 0 0 0 0 0 0 0 0 0 0 0 0 0 0 0 0;
0 0 0 1 0 0 0 0 0 0 1 0 0 0 0 0 0 0 0 0 0 0 0 0 0 0 0 0 0 0 0 0 0 0 0 0 0 0 0 0 0 0 0 0 0 0 0 0 0 0 0 0 0 0 0 0 0 0 0 0 0 0 0 0;
0 0 1 0 0 0 0 0 0 0 0 1 0 0 0 0 0 0 0 0 0 0 0 0 0 0 0 0 0 0 0 0 0 0 0 0 0 0 0 0 0 0 0 0 0 0 0 0 0 0 0 0 0 0 0 0 0 0 0 0 0 0 0 0;
0 0 0 0 0 1 0 0 0 0 0 0 1 0 0 0 0 0 0 0 0 0 0 0 0 0 0 0 0 0 0 0 0 0 0 0 0 0 0 0 0 0 0 0 0 0 0 0 0 0 0 0 0 0 0 0 0 0 0 0 0 0 0 0;
0 0 0 0 1 0 0 0 0 0 0 0 0 1 0 0 0 0 0 0 0 0 0 0 0 0 0 0 0 0 0 0 0 0 0 0 0 0 0 0 0 0 0 0 0 0 0 0 0 0 0 0 0 0 0 0 0 0 0 0 0 0 0 0;
0 0 0 0 0 0 0 1 0 0 0 0 0 0 1 0 0 0 0 0 0 0 0 0 0 0 0 0 0 0 0 0 0 0 0 0 0 0 0 0 0 0 0 0 0 0 0 0 0 0 0 0 0 0 0 0 0 0 0 0 0 0 0 0;
0 0 0 0 0 0 1 0 0 0 0 0 0 0 0 1 0 0 0 0 0 0 0 0 0 0 0 0 0 0 0 0 0 0 0 0 0 0 0 0 0 0 0 0 0 0 0 0 0 0 0 0 0 0 0 0 0 0 0 0 0 0 0 0;  
1 0 0 0 0 0 0 0 0 1 0 0 0 0 0 0 0 0 0 0 0 0 0 0 0 0 0 0 0 0 0 0 0 0 0 0 0 0 0 0 0 0 0 0 0 0 0 0 0 0 0 0 0 0 0 0 0 0 0 0 0 0 0 0;
0 1 0 0 0 0 0 0 1 0 0 0 0 0 0 0 0 0 0 0 0 0 0 0 0 0 0 0 0 0 0 0 0 0 0 0 0 0 0 0 0 0 0 0 0 0 0 0 0 0 0 0 0 0 0 0 0 0 0 0 0 0 0 0;
0 0 1 0 0 0 0 0 0 0 0 1 0 0 0 0 0 0 0 0 0 0 0 0 0 0 0 0 0 0 0 0 0 0 0 0 0 0 0 0 0 0 0 0 0 0 0 0 0 0 0 0 0 0 0 0 0 0 0 0 0 0 0 0;
0 0 0 1 0 0 0 0 0 0 1 0 0 0 0 0 0 0 0 0 0 0 0 0 0 0 0 0 0 0 0 0 0 0 0 0 0 0 0 0 0 0 0 0 0 0 0 0 0 0 0 0 0 0 0 0 0 0 0 0 0 0 0 0;
0 0 0 0 1 0 0 0 0 0 0 0 0 1 0 0 0 0 0 0 0 0 0 0 0 0 0 0 0 0 0 0 0 0 0 0 0 0 0 0 0 0 0 0 0 0 0 0 0 0 0 0 0 0 0 0 0 0 0 0 0 0 0 0;
0 0 0 0 0 1 0 0 0 0 0 0 1 0 0 0 0 0 0 0 0 0 0 0 0 0 0 0 0 0 0 0 0 0 0 0 0 0 0 0 0 0 0 0 0 0 0 0 0 0 0 0 0 0 0 0 0 0 0 0 0 0 0 0;
0 0 0 0 0 0 1 0 0 0 0 0 0 0 0 1 0 0 0 0 0 0 0 0 0 0 0 0 0 0 0 0 0 0 0 0 0 0 0 0 0 0 0 0 0 0 0 0 0 0 0 0 0 0 0 0 0 0 0 0 0 0 0 0;
0 0 0 0 0 0 0 1 0 0 0 0 0 0 1 0 0 0 0 0 0 0 0 0 0 0 0 0 0 0 0 0 0 0 0 0 0 0 0 0 0 0 0 0 0 0 0 0 0 0 0 0 0 0 0 0 0 0 0 0 0 0 0 0;  
0 0 0 0 0 0 0 0 0 0 0 0 0 0 0 0 0 1 0 0 0 0 0 0 1 0 0 0 0 0 0 0 0 0 0 0 0 0 0 0 0 0 0 0 0 0 0 0 0 0 0 0 0 0 0 0 0 0 0 0 0 0 0 0;
0 0 0 0 0 0 0 0 0 0 0 0 0 0 0 0 1 0 0 0 0 0 0 0 0 1 0 0 0 0 0 0 0 0 0 0 0 0 0 0 0 0 0 0 0 0 0 0 0 0 0 0 0 0 0 0 0 0 0 0 0 0 0 0;
0 0 0 0 0 0 0 0 0 0 0 0 0 0 0 0 0 0 0 1 0 0 0 0 0 0 1 0 0 0 0 0 0 0 0 0 0 0 0 0 0 0 0 0 0 0 0 0 0 0 0 0 0 0 0 0 0 0 0 0 0 0 0 0;
0 0 0 0 0 0 0 0 0 0 0 0 0 0 0 0 0 0 1 0 0 0 0 0 0 0 0 1 0 0 0 0 0 0 0 0 0 0 0 0 0 0 0 0 0 0 0 0 0 0 0 0 0 0 0 0 0 0 0 0 0 0 0 0;
0 0 0 0 0 0 0 0 0 0 0 0 0 0 0 0 0 0 0 0 0 1 0 0 0 0 0 0 1 0 0 0 0 0 0 0 0 0 0 0 0 0 0 0 0 0 0 0 0 0 0 0 0 0 0 0 0 0 0 0 0 0 0 0;
0 0 0 0 0 0 0 0 0 0 0 0 0 0 0 0 0 0 0 0 1 0 0 0 0 0 0 0 0 1 0 0 0 0 0 0 0 0 0 0 0 0 0 0 0 0 0 0 0 0 0 0 0 0 0 0 0 0 0 0 0 0 0 0;
0 0 0 0 0 0 0 0 0 0 0 0 0 0 0 0 0 0 0 0 0 0 0 1 0 0 0 0 0 0 1 0 0 0 0 0 0 0 0 0 0 0 0 0 0 0 0 0 0 0 0 0 0 0 0 0 0 0 0 0 0 0 0 0;
0 0 0 0 0 0 0 0 0 0 0 0 0 0 0 0 0 0 0 0 0 0 1 0 0 0 0 0 0 0 0 1 0 0 0 0 0 0 0 0 0 0 0 0 0 0 0 0 0 0 0 0 0 0 0 0 0 0 0 0 0 0 0 0;
0 0 0 0 0 0 0 0 0 0 0 0 0 0 0 0 1 0 0 0 0 0 0 0 0 1 0 0 0 0 0 0 0 0 0 0 0 0 0 0 0 0 0 0 0 0 0 0 0 0 0 0 0 0 0 0 0 0 0 0 0 0 0 0;
0 0 0 0 0 0 0 0 0 0 0 0 0 0 0 0 0 1 0 0 0 0 0 0 1 0 0 0 0 0 0 0 0 0 0 0 0 0 0 0 0 0 0 0 0 0 0 0 0 0 0 0 0 0 0 0 0 0 0 0 0 0 0 0;
0 0 0 0 0 0 0 0 0 0 0 0 0 0 0 0 0 0 1 0 0 0 0 0 0 0 0 1 0 0 0 0 0 0 0 0 0 0 0 0 0 0 0 0 0 0 0 0 0 0 0 0 0 0 0 0 0 0 0 0 0 0 0 0;
0 0 0 0 0 0 0 0 0 0 0 0 0 0 0 0 0 0 0 1 0 0 0 0 0 0 1 0 0 0 0 0 0 0 0 0 0 0 0 0 0 0 0 0 0 0 0 0 0 0 0 0 0 0 0 0 0 0 0 0 0 0 0 0;
0 0 0 0 0 0 0 0 0 0 0 0 0 0 0 0 0 0 0 0 1 0 0 0 0 0 0 0 0 1 0 0 0 0 0 0 0 0 0 0 0 0 0 0 0 0 0 0 0 0 0 0 0 0 0 0 0 0 0 0 0 0 0 0;
0 0 0 0 0 0 0 0 0 0 0 0 0 0 0 0 0 0 0 0 0 1 0 0 0 0 0 0 1 0 0 0 0 0 0 0 0 0 0 0 0 0 0 0 0 0 0 0 0 0 0 0 0 0 0 0 0 0 0 0 0 0 0 0;
0 0 0 0 0 0 0 0 0 0 0 0 0 0 0 0 0 0 0 0 0 0 1 0 0 0 0 0 0 0 0 1 0 0 0 0 0 0 0 0 0 0 0 0 0 0 0 0 0 0 0 0 0 0 0 0 0 0 0 0 0 0 0 0;
0 0 0 0 0 0 0 0 0 0 0 0 0 0 0 0 0 0 0 0 0 0 0 1 0 0 0 0 0 0 1 0 0 0 0 0 0 0 0 0 0 0 0 0 0 0 0 0 0 0 0 0 0 0 0 0 0 0 0 0 0 0 0 0;  
0 0 0 0 0 0 0 0 0 0 0 0 0 0 0 0 0 0 0 0 0 0 0 0 0 0 0 0 0 0 0 0 0 1 0 0 0 0 0 0 1 0 0 0 0 0 0 0 0 0 0 0 0 0 0 0 0 0 0 0 0 0 0 0;
0 0 0 0 0 0 0 0 0 0 0 0 0 0 0 0 0 0 0 0 0 0 0 0 0 0 0 0 0 0 0 0 1 0 0 0 0 0 0 0 0 1 0 0 0 0 0 0 0 0 0 0 0 0 0 0 0 0 0 0 0 0 0 0;
0 0 0 0 0 0 0 0 0 0 0 0 0 0 0 0 0 0 0 0 0 0 0 0 0 0 0 0 0 0 0 0 0 0 0 1 0 0 0 0 0 0 1 0 0 0 0 0 0 0 0 0 0 0 0 0 0 0 0 0 0 0 0 0;
0 0 0 0 0 0 0 0 0 0 0 0 0 0 0 0 0 0 0 0 0 0 0 0 0 0 0 0 0 0 0 0 0 0 1 0 0 0 0 0 0 0 0 1 0 0 0 0 0 0 0 0 0 0 0 0 0 0 0 0 0 0 0 0;
0 0 0 0 0 0 0 0 0 0 0 0 0 0 0 0 0 0 0 0 0 0 0 0 0 0 0 0 0 0 0 0 0 0 0 0 0 1 0 0 0 0 0 0 1 0 0 0 0 0 0 0 0 0 0 0 0 0 0 0 0 0 0 0;
0 0 0 0 0 0 0 0 0 0 0 0 0 0 0 0 0 0 0 0 0 0 0 0 0 0 0 0 0 0 0 0 0 0 0 0 1 0 0 0 0 0 0 0 0 1 0 0 0 0 0 0 0 0 0 0 0 0 0 0 0 0 0 0;
0 0 0 0 0 0 0 0 0 0 0 0 0 0 0 0 0 0 0 0 0 0 0 0 0 0 0 0 0 0 0 0 0 0 0 0 0 0 0 1 0 0 0 0 0 0 1 0 0 0 0 0 0 0 0 0 0 0 0 0 0 0 0 0;
0 0 0 0 0 0 0 0 0 0 0 0 0 0 0 0 0 0 0 0 0 0 0 0 0 0 0 0 0 0 0 0 0 0 0 0 0 0 1 0 0 0 0 0 0 0 0 1 0 0 0 0 0 0 0 0 0 0 0 0 0 0 0 0;
0 0 0 0 0 0 0 0 0 0 0 0 0 0 0 0 0 0 0 0 0 0 0 0 0 0 0 0 0 0 0 0 1 0 0 0 0 0 0 0 0 1 0 0 0 0 0 0 0 0 0 0 0 0 0 0 0 0 0 0 0 0 0 0;
0 0 0 0 0 0 0 0 0 0 0 0 0 0 0 0 0 0 0 0 0 0 0 0 0 0 0 0 0 0 0 0 0 1 0 0 0 0 0 0 1 0 0 0 0 0 0 0 0 0 0 0 0 0 0 0 0 0 0 0 0 0 0 0;
0 0 0 0 0 0 0 0 0 0 0 0 0 0 0 0 0 0 0 0 0 0 0 0 0 0 0 0 0 0 0 0 0 0 1 0 0 0 0 0 0 0 0 1 0 0 0 0 0 0 0 0 0 0 0 0 0 0 0 0 0 0 0 0;
0 0 0 0 0 0 0 0 0 0 0 0 0 0 0 0 0 0 0 0 0 0 0 0 0 0 0 0 0 0 0 0 0 0 0 1 0 0 0 0 0 0 1 0 0 0 0 0 0 0 0 0 0 0 0 0 0 0 0 0 0 0 0 0;
0 0 0 0 0 0 0 0 0 0 0 0 0 0 0 0 0 0 0 0 0 0 0 0 0 0 0 0 0 0 0 0 0 0 0 0 1 0 0 0 0 0 0 0 0 1 0 0 0 0 0 0 0 0 0 0 0 0 0 0 0 0 0 0;
0 0 0 0 0 0 0 0 0 0 0 0 0 0 0 0 0 0 0 0 0 0 0 0 0 0 0 0 0 0 0 0 0 0 0 0 0 1 0 0 0 0 0 0 1 0 0 0 0 0 0 0 0 0 0 0 0 0 0 0 0 0 0 0;
0 0 0 0 0 0 0 0 0 0 0 0 0 0 0 0 0 0 0 0 0 0 0 0 0 0 0 0 0 0 0 0 0 0 0 0 0 0 1 0 0 0 0 0 0 0 0 1 0 0 0 0 0 0 0 0 0 0 0 0 0 0 0 0;
0 0 0 0 0 0 0 0 0 0 0 0 0 0 0 0 0 0 0 0 0 0 0 0 0 0 0 0 0 0 0 0 0 0 0 0 0 0 0 1 0 0 0 0 0 0 1 0 0 0 0 0 0 0 0 0 0 0 0 0 0 0 0 0;
0 0 0 0 0 0 0 0 0 0 0 0 0 0 0 0 0 0 0 0 0 0 0 0 0 0 0 0 0 0 0 0 0 0 0 0 0 0 0 0 0 0 0 0 0 0 0 0 0 1 0 0 0 0 0 0 1 0 0 0 0 0 0 0;
0 0 0 0 0 0 0 0 0 0 0 0 0 0 0 0 0 0 0 0 0 0 0 0 0 0 0 0 0 0 0 0 0 0 0 0 0 0 0 0 0 0 0 0 0 0 0 0 1 0 0 0 0 0 0 0 0 1 0 0 0 0 0 0;
0 0 0 0 0 0 0 0 0 0 0 0 0 0 0 0 0 0 0 0 0 0 0 0 0 0 0 0 0 0 0 0 0 0 0 0 0 0 0 0 0 0 0 0 0 0 0 0 0 0 0 1 0 0 0 0 0 0 1 0 0 0 0 0;
0 0 0 0 0 0 0 0 0 0 0 0 0 0 0 0 0 0 0 0 0 0 0 0 0 0 0 0 0 0 0 0 0 0 0 0 0 0 0 0 0 0 0 0 0 0 0 0 0 0 1 0 0 0 0 0 0 0 0 1 0 0 0 0;
0 0 0 0 0 0 0 0 0 0 0 0 0 0 0 0 0 0 0 0 0 0 0 0 0 0 0 0 0 0 0 0 0 0 0 0 0 0 0 0 0 0 0 0 0 0 0 0 0 0 0 0 0 1 0 0 0 0 0 0 1 0 0 0;
0 0 0 0 0 0 0 0 0 0 0 0 0 0 0 0 0 0 0 0 0 0 0 0 0 0 0 0 0 0 0 0 0 0 0 0 0 0 0 0 0 0 0 0 0 0 0 0 0 0 0 0 1 0 0 0 0 0 0 0 0 1 0 0;
0 0 0 0 0 0 0 0 0 0 0 0 0 0 0 0 0 0 0 0 0 0 0 0 0 0 0 0 0 0 0 0 0 0 0 0 0 0 0 0 0 0 0 0 0 0 0 0 0 0 0 0 0 0 0 1 0 0 0 0 0 0 1 0;
0 0 0 0 0 0 0 0 0 0 0 0 0 0 0 0 0 0 0 0 0 0 0 0 0 0 0 0 0 0 0 0 0 0 0 0 0 0 0 0 0 0 0 0 0 0 0 0 0 0 0 0 0 0 1 0 0 0 0 0 0 0 0 1;
0 0 0 0 0 0 0 0 0 0 0 0 0 0 0 0 0 0 0 0 0 0 0 0 0 0 0 0 0 0 0 0 0 0 0 0 0 0 0 0 0 0 0 0 0 0 0 0 1 0 0 0 0 0 0 0 0 1 0 0 0 0 0 0;
0 0 0 0 0 0 0 0 0 0 0 0 0 0 0 0 0 0 0 0 0 0 0 0 0 0 0 0 0 0 0 0 0 0 0 0 0 0 0 0 0 0 0 0 0 0 0 0 0 1 0 0 0 0 0 0 1 0 0 0 0 0 0 0;
0 0 0 0 0 0 0 0 0 0 0 0 0 0 0 0 0 0 0 0 0 0 0 0 0 0 0 0 0 0 0 0 0 0 0 0 0 0 0 0 0 0 0 0 0 0 0 0 0 0 1 0 0 0 0 0 0 0 0 1 0 0 0 0;
0 0 0 0 0 0 0 0 0 0 0 0 0 0 0 0 0 0 0 0 0 0 0 0 0 0 0 0 0 0 0 0 0 0 0 0 0 0 0 0 0 0 0 0 0 0 0 0 0 0 0 1 0 0 0 0 0 0 1 0 0 0 0 0;
0 0 0 0 0 0 0 0 0 0 0 0 0 0 0 0 0 0 0 0 0 0 0 0 0 0 0 0 0 0 0 0 0 0 0 0 0 0 0 0 0 0 0 0 0 0 0 0 0 0 0 0 1 0 0 0 0 0 0 0 0 1 0 0;
0 0 0 0 0 0 0 0 0 0 0 0 0 0 0 0 0 0 0 0 0 0 0 0 0 0 0 0 0 0 0 0 0 0 0 0 0 0 0 0 0 0 0 0 0 0 0 0 0 0 0 0 0 1 0 0 0 0 0 0 1 0 0 0;
0 0 0 0 0 0 0 0 0 0 0 0 0 0 0 0 0 0 0 0 0 0 0 0 0 0 0 0 0 0 0 0 0 0 0 0 0 0 0 0 0 0 0 0 0 0 0 0 0 0 0 0 0 0 1 0 0 0 0 0 0 0 0 1;
0 0 0 0 0 0 0 0 0 0 0 0 0 0 0 0 0 0 0 0 0 0 0 0 0 0 0 0 0 0 0 0 0 0 0 0 0 0 0 0 0 0 0 0 0 0 0 0 0 0 0 0 0 0 0 1 0 0 0 0 0 0 1 0;
];